fid	selected	turnout_cov	margin_cov	share_cov	turnout	margin	share	totalpvotes08	totalcvotes06	totalcvotes08	totalcvotes10	totalcvotes12	npvote08	nvote06	nvote08	nvote10	npvote12	nvote12	pvote12	pvote08	dvote06	dvote08	dvote10	dvote12	study	include	probs.1.1	probs.1.0	probs.0.1	probs.0.0	condition_factor	i	weights	condition	numberofspillovers	treatable	Z.obs
0	0	351	-32	0.450617283950617	546	-93	0.404517453798768	560	372	544	351	546	18	-80	-100	-32	19	-93	0.501851851851852	0.516071428571429	0.377300613496933	0.385844748858447	0.450617283950617	0.404517453798768	"Experiment 1"	1.0	0.0	0.2087	0.7353	0.056	"Adjacent"	93	1.35998912008704	3.0	2.0	1.0	0.0
1	0	371	-34	0.451428571428571	525	-126	0.371428571428571	507	370	492	371	525	11	-83	-99	-34	-2	-126	0.488549618320611	0.510848126232742	0.384401114206128	0.386206896551724	0.451428571428571	0.371428571428571	"Experiment 1"	1.0	0.0	0.1577	0.8261	0.0162	"Adjacent"	93	1.21050720251786	3.0	2.0	1.0	0.0
2	0	270	-55	0.391304347826087	354	-117	0.321100917431193	411	333	392	270	354	-65	-56	-37	-55	-63	-117	0.405633802816901	0.420924574209246	0.408496732026144	0.446991404011461	0.391304347826087	0.321100917431193	"Experiment 1"	1.0	0.0	0.2161	0.7603	0.0236	"Adjacent"	93	1.31527028804419	3.0	1.0	1.0	0.0
3	0	538	-93	0.409708737864078	790	-165	0.386206896551724	810	540	787	538	790	-72	-136	-188	-93	-63	-165	0.448979591836735	0.455555555555556	0.368217054263566	0.364942528735632	0.409708737864078	0.386206896551724	"Experiment 1"	1.0	0.0	0.1663	0.8202	0.0135	"Adjacent"	93	1.21921482565228	3.0	3.0	1.0	0.0
4	0	201	-22	0.441489361702128	306	-106	0.312056737588652	288	204	277	201	306	-68	-70	-108	-22	-71	-106	0.372937293729373	0.381944444444444	0.315789473684211	0.276859504132231	0.441489361702128	0.312056737588652	"Experiment 1"	1.0	0.0	0.313	0.6129	0.0741	"Adjacent"	93	1.63158753467124	3.0	2.0	1.0	0.0
5	0	165	-17	0.443708609271523	281	-57	0.38996138996139	274	174	253	165	281	-2	-63	-54	-17	-13	-57	0.464285714285714	0.496350364963504	0.313609467455621	0.381578947368421	0.443708609271523	0.38996138996139	"Experiment 1"	1.0	0.0	0.3116	0.6224	0.066	"Adjacent"	93	1.60668380462725	3.0	2.0	1.0	0.0
6	0	375	25	0.534626038781163	592	-19	0.483304042179262	609	390	587	375	592	51	-32	-44	25	38	-19	0.520408163265306	0.541871921182266	0.457894736842105	0.459409594095941	0.534626038781163	0.483304042179262	"Experiment 1"	1.0	0.0	0.1837	0.7803	0.036	"Adjacent"	93	1.28155837498398	3.0	2.0	1.0	0.0
7	0	291	32	0.558394160583942	430	-28	0.463917525773196	470	359	455	291	430	82	-42	62	32	78	-28	0.578454332552693	0.587234042553191	0.434782608695652	0.5775	0.558394160583942	0.463917525773196	"Experiment 1"	1.0	0.0	0.292	0.5605	0.1475	"Control"	93	6.77966101694915	4.0	0.0	1.0	0.0
8	0	201	-41	0.391534391534392	281	-58	0.389312977099237	296	161	286	201	281	-46	-56	-94	-41	-26	-58	0.440860215053763	0.422297297297297	0.329268292682927	0.320610687022901	0.391534391534392	0.389312977099237	"Experiment 1"	1.0	0.0	0.231	0.7341	0.0349	"Adjacent"	93	1.36221223266585	3.0	2.0	1.0	0.0
9	0	317	-13	0.477031802120141	457	-50	0.439613526570048	525	365	492	317	457	1	-56	10	-13	43	-50	0.542035398230089	0.500952380952381	0.42	0.511574074074074	0.477031802120141	0.439613526570048	"Experiment 1"	1.0	0.0	0.2665	0.6907	0.0428	"Adjacent"	93	1.44780657304184	3.0	2.0	1.0	0.0
10	0	504	-84	0.411016949152542	707	-162	0.373040752351097	778	542	750	504	707	4	-178	-96	-84	-47	-162	0.456490727532097	0.502570694087404	0.325490196078431	0.425925925925926	0.411016949152542	0.373040752351097	"Experiment 1"	1.0	0.0	0.2187	0.6205	0.1608	"Adjacent"	93	1.6116035455278	3.0	1.0	1.0	0.0
11	1	181	-9	0.473372781065089	248	5	0.511627906976744	288	221	280	181	248	-14	-21	-37	-9	21	5	0.532258064516129	0.475694444444444	0.447761194029851	0.419213973799127	0.473372781065089	0.511627906976744	"Experiment 1"	0.0	0.0	0.0	0.516	0.484	"Control"	93	2.06611570247934	4.0	0.0	0.0	0.0
12	1	204	-10	0.473118279569892	329	-80	0.365771812080537	323	232	320	204	329	-7	-58	71	-10	-46	-80	0.421052631578947	0.489164086687306	0.360576923076923	0.622837370242215	0.473118279569892	0.365771812080537	"Experiment 1"	1.0	0.0	0.2743	0.6815	0.0442	"Treated"	93	3.64564345607	2.0	0.0	1.0	1.0
13	0	350	-61	0.407294832826748	510	-111	0.380129589632829	517	372	486	350	510	-59	-119	-151	-61	-72	-111	0.411530815109344	0.44294003868472	0.338753387533875	0.331096196868009	0.407294832826748	0.380129589632829	"Experiment 1"	1.0	0.0	0.2307	0.7359	0.0334	"Adjacent"	93	1.3588802826471	3.0	2.0	1.0	0.0
14	1	330	23	0.537953795379538	500	-21	0.47741935483871	586	424	565	330	500	56	-33	33	23	71	-21	0.56312625250501	0.54778156996587	0.455284552845528	0.534446764091858	0.537953795379538	0.47741935483871	"Experiment 1"	1.0	0.0	0.2819	0.3964	0.3217	"Treated"	93	3.54735721887194	2.0	0.0	1.0	1.0
15	0	294	-47	0.415162454873646	494	-121	0.368191721132898	489	292	449	294	494	-3	-63	-74	-47	7	-121	0.498973305954825	0.496932515337423	0.385454545454545	0.409313725490196	0.415162454873646	0.368191721132898	"Experiment 1"	1.0	0.0	0.1868	0.7074	0.1058	"Adjacent"	93	1.41362736782584	3.0	1.0	1.0	0.0
16	0	323	-22	0.464285714285714	497	-140	0.34375	514	365	481	323	497	-6	-95	-94	-22	-41	-140	0.453629032258065	0.494163424124514	0.36231884057971	0.386473429951691	0.464285714285714	0.34375	"Experiment 1"	1.0	0.0	0.2066	0.7853	0.0081	"Adjacent"	93	1.27339870113332	3.0	2.0	1.0	0.0
17	0	362	17	0.525993883792049	560	-6	0.494047619047619	571	388	554	362	560	39	-64	-47	17	72	-6	0.553539019963702	0.53415061295972	0.411602209944751	0.450939457202505	0.525993883792049	0.494047619047619	"Experiment 1"	1.0	0.0	0.2383	0.6993	0.0624	"Adjacent"	93	1.43000143000143	3.0	2.0	1.0	0.0
18	0	345	5	0.507598784194529	491	-61	0.432671081677704	509	375	483	345	491	51	-40	18	5	11	-61	0.497942386831276	0.550098231827112	0.441860465116279	0.52093023255814	0.507598784194529	0.432671081677704	"Experiment 1"	1.0	0.0	0.2218	0.4904	0.2878	"Adjacent"	93	2.03915171288744	3.0	1.0	1.0	0.0
19	0	220	-16	0.461165048543689	348	-42	0.433962264150943	359	273	340	220	348	-23	-53	-65	-16	-20	-42	0.447976878612717	0.467966573816156	0.399239543726236	0.39344262295082	0.461165048543689	0.433962264150943	"Experiment 1"	1.0	0.0	0.2421	0.7209	0.037	"Adjacent"	93	1.38715494520738	3.0	1.0	1.0	0.0
20	1	389	-70	0.405405405405405	598	-142	0.37043795620438	602	448	577	389	598	-68	-112	-119	-70	-55	-142	0.440878378378378	0.443521594684385	0.367298578199052	0.374736842105263	0.405405405405405	0.37043795620438	"Experiment 1"	1.0	0.0	0.1773	0.7961	0.0266	"Treated"	93	5.64015792442188	2.0	0.0	1.0	1.0
21	1	348	-44	0.432926829268293	503	-64	0.433054393305439	510	391	483	348	503	-10	-61	-113	-44	-9	-64	0.481037924151697	0.490196078431373	0.420365535248042	0.36768149882904	0.432926829268293	0.433054393305439	"Experiment 1"	1.0	0.0	0.3119	0.6006	0.0875	"Treated"	93	3.20615581917281	2.0	0.0	1.0	1.0
22	1	467	-19	0.478747203579418	686	-114	0.412307692307692	673	513	643	467	686	-7	-102	-115	-19	-56	-114	0.450807635829662	0.49479940564636	0.397177419354839	0.403685092127303	0.478747203579418	0.412307692307692	"Experiment 1"	1.0	0.0	0.2974	0.6328	0.0698	"Treated"	93	3.36247478143914	2.0	0.0	1.0	1.0
23	0	622	-91	0.423529411764706	813	-185	0.3778071334214	838	629	811	622	813	-8	-123	-212	-91	-183	-185	0.361189801699717	0.495226730310263	0.402843601895735	0.35978835978836	0.423529411764706	0.3778071334214	"Experiment 1"	1.0	0.0	0.3622	0.5459	0.0919	"Adjacent"	93	1.83183733284484	3.0	1.0	1.0	0.0
24	0	203	-48	0.369565217391304	297	-90	0.33695652173913	322	224	305	203	297	-18	-75	-32	-48	-22	-90	0.457627118644068	0.472049689440994	0.323943661971831	0.43984962406015	0.369565217391304	0.33695652173913	"Experiment 1"	1.0	0.0	0.1817	0.7698	0.0485	"Adjacent"	93	1.2990387113536	3.0	1.0	1.0	0.0
25	0	246	-9	0.480851063829787	346	-37	0.442006269592476	367	281	361	246	346	15	-38	-42	-9	20	-37	0.523391812865497	0.520435967302452	0.426923076923077	0.431818181818182	0.480851063829787	0.442006269592476	"Experiment 1"	1.0	0.0	0.2088	0.7069	0.0843	"Adjacent"	93	1.41462724572075	3.0	1.0	1.0	0.0
26	0	249	-30	0.434210526315789	392	-106	0.348571428571429	397	283	372	249	392	-55	-103	61	-30	-67	-106	0.396907216494845	0.430730478589421	0.304182509505703	0.593272171253823	0.434210526315789	0.348571428571429	"Experiment 1"	1.0	0.0	0.2586	0.7116	0.0298	"Adjacent"	93	1.4052838673412	3.0	2.0	1.0	0.0
27	0	397	37	0.548556430446194	568	-34	0.468283582089552	575	453	572	397	568	137	-41	-46	37	116	-34	0.590106007067138	0.619130434782609	0.452436194895592	0.455769230769231	0.548556430446194	0.468283582089552	"Experiment 1"	1.0	0.0	0.3065	0.5169	0.1766	"Adjacent"	93	1.93461017604953	3.0	1.0	1.0	0.0
28	0	605	-69	0.43979057591623	885	-137	0.414267834793492	902	546	868	605	885	-26	-188	-184	-69	37	-137	0.511891279728199	0.485587583148559	0.315686274509804	0.383248730964467	0.43979057591623	0.414267834793492	"Experiment 1"	1.0	0.0	0.2081	0.6614	0.1305	"Adjacent"	93	1.51194436044754	3.0	2.0	1.0	0.0
29	0	360	5	0.50733137829912	484	-53	0.441241685144124	490	373	482	360	484	68	-58	-40	5	36	-53	0.527310924369748	0.569387755102041	0.418539325842697	0.451219512195122	0.50733137829912	0.441241685144124	"Experiment 1"	1.0	0.0	0.2647	0.6279	0.1074	"Control"	93	9.31098696461825	4.0	0.0	1.0	0.0
30	1	261	25	0.551020408163265	386	-49	0.431754874651811	421	324	406	261	386	31	-56	-55	25	49	-49	0.551181102362205	0.536817102137767	0.403448275862069	0.422096317280453	0.551020408163265	0.431754874651811	"Experiment 1"	1.0	0.0	0.2501	0.6818	0.0681	"Treated"	93	3.9984006397441	2.0	0.0	1.0	1.0
31	0	265	-52	0.395161290322581	410	-85	0.387267904509284	414	260	398	265	410	-68	-97	-102	-52	-56	-85	0.416256157635468	0.417874396135266	0.306772908366534	0.351744186046512	0.395161290322581	0.387267904509284	"Experiment 1"	1.0	0.0	0.221	0.7107	0.0683	"Adjacent"	93	1.40706345856198	3.0	2.0	1.0	0.0
32	1	393	-1	0.498575498575499	639	-31	0.471971066907776	620	449	606	393	639	48	-76	-42	-1	121	-31	0.585714285714286	0.538709677419355	0.4	0.453947368421053	0.498575498575499	0.471971066907776	"Experiment 1"	1.0	0.0	0.3632	0.5289	0.1079	"Treated"	93	2.75330396475771	2.0	0.0	1.0	1.0
33	0	173	-31	0.398692810457516	265	-80	0.33739837398374	288	167	275	173	265	-44	-33	-81	-31	-62	-80	0.360153256704981	0.423611111111111	0.402366863905325	0.32	0.398692810457516	0.33739837398374	"Experiment 1"	1.0	0.0	0.5145	0.2921	0.1934	"Adjacent"	93	3.42348510783978	3.0	1.0	1.0	0.0
34	1	376	-26	0.464864864864865	545	-56	0.446360153256705	569	402	533	376	545	-37	-55	-106	-26	-16	-56	0.478821362799263	0.467486818980668	0.426666666666667	0.390495867768595	0.464864864864865	0.446360153256705	"Experiment 1"	1.0	0.0	0.5526	0.2066	0.2408	"Treated"	93	1.80962721679334	2.0	0.0	1.0	1.0
35	1	491	-114	0.377155172413793	686	-167	0.36724960254372	713	498	703	491	686	-59	-173	-140	-114	-53	-167	0.455212922173275	0.458625525946704	0.319415448851775	0.38135593220339	0.377155172413793	0.36724960254372	"Experiment 1"	1.0	0.0	0.3081	0.6216	0.0703	"Treated"	93	3.24569944823109	2.0	0.0	1.0	1.0
36	0	326	-70	0.380952380952381	456	-99	0.382422802850356	498	336	462	326	456	-18	-104	-65	-70	-16	-99	0.471238938053097	0.481927710843373	0.328947368421053	0.417302798982188	0.380952380952381	0.382422802850356	"Experiment 1"	1.0	0.0	0.1577	0.8078	0.0345	"Adjacent"	93	1.23793018073781	3.0	2.0	1.0	0.0
37	0	493	-97	0.39524838012959	734	-205	0.35036496350365	779	542	746	493	734	-89	-133	-208	-97	-79	-205	0.436388508891929	0.442875481386393	0.368316831683168	0.3375	0.39524838012959	0.35036496350365	"Experiment 1"	1.0	0.0	0.1621	0.8263	0.0116	"Adjacent"	93	1.2102142079148	3.0	2.0	1.0	0.0
38	0	515	-52	0.447368421052632	751	-161	0.384505021520803	778	564	751	515	751	6	-118	-149	-52	-39	-161	0.456608811748999	0.503856041131105	0.388679245283019	0.385560675883257	0.447368421052632	0.384505021520803	"Experiment 1"	1.0	0.0	0.1496	0.7785	0.0719	"Adjacent"	93	1.28452151573539	3.0	2.0	1.0	0.0
39	0	456	157	0.678815489749431	723	238	0.678678678678679	598	466	584	456	723	276	66	144	157	306	238	0.696378830083565	0.730769230769231	0.572687224669604	0.634831460674157	0.678815489749431	0.678678678678679	"Experiment 1"	1.0	0.0	0.1885	0.7027	0.1088	"Adjacent"	93	1.42308239647076	3.0	2.0	1.0	0.0
40	0	460	-47	0.44671201814059	730	-143	0.395314787701318	792	520	760	460	730	-2	-104	-115	-47	-22	-143	0.474412171507607	0.498737373737374	0.3984375	0.41112828438949	0.44671201814059	0.395314787701318	"Experiment 1"	1.0	0.0	0.4467	0.3839	0.1694	"Adjacent"	93	2.6048450117218	3.0	1.0	1.0	0.0
41	1	289	-82	0.353571428571429	389	-136	0.307909604519774	378	275	373	289	389	-94	-126	-120	-82	-96	-136	0.365284974093264	0.375661375661376	0.251968503937008	0.319277108433735	0.353571428571429	0.307909604519774	"Experiment 1"	1.0	0.0	0.2077	0.7369	0.0554	"Treated"	93	4.81463649494463	2.0	0.0	1.0	1.0
42	1	282	-19	0.460905349794239	432	-28	0.462962962962963	437	294	434	282	432	-35	-65	-66	-19	-6	-28	0.481308411214953	0.459954233409611	0.372549019607843	0.39	0.460905349794239	0.462962962962963	"Experiment 1"	1.0	0.0	0.2921	0.6662	0.0417	"Treated"	93	3.42348510783978	2.0	0.0	1.0	1.0
43	0	305	-17	0.471186440677966	471	-113	0.368909512761021	461	346	445	305	471	39	-70	-69	-17	0	-113	0.495726495726496	0.542299349240781	0.395209580838323	0.411764705882353	0.471186440677966	0.368909512761021	"Experiment 1"	1.0	0.0	0.2466	0.7096	0.0438	"Control"	93	22.8310502283105	4.0	0.0	1.0	0.0
44	0	351	-46	0.431547619047619	553	-100	0.401960784313726	575	376	540	351	553	-13	-86	-81	-46	3	-100	0.487179487179487	0.488695652173913	0.380555555555556	0.414376321353066	0.431547619047619	0.401960784313726	"Experiment 1"	1.0	0.0	0.3241	0.6078	0.0681	"Adjacent"	93	1.64527805199079	3.0	1.0	1.0	0.0
45	1	461	-121	0.356973995271868	711	-195	0.345971563981043	724	520	689	461	711	-64	-169	-173	-121	-101	-195	0.416666666666667	0.455801104972376	0.329292929292929	0.358890701468189	0.356973995271868	0.345971563981043	"Experiment 1"	1.0	0.0	0.3651	0.5392	0.0957	"Treated"	93	2.73897562311695	2.0	0.0	1.0	1.0
46	0	410	-7	0.490861618798956	609	-124	0.385185185185185	598	430	582	410	609	8	-99	35	-7	-4	-124	0.485099337748344	0.506688963210702	0.37593984962406	0.534653465346535	0.490861618798956	0.385185185185185	"Experiment 1"	1.0	0.0	0.2189	0.6598	0.1213	"Adjacent"	93	1.51561079114883	3.0	1.0	1.0	0.0
47	0	141	-27	0.390243902439024	203	-31	0.415300546448087	205	146	205	141	203	-33	-47	-67	-27	-8	-31	0.46969696969697	0.419512195121951	0.317829457364341	0.314917127071823	0.390243902439024	0.415300546448087	"Experiment 1"	1.0	0.0	0.3715	0.506	0.1225	"Control"	93	8.16326530612245	4.0	0.0	1.0	0.0
48	1	298	90	0.659574468085106	535	154	0.65587044534413	460	326	462	298	535	178	54	103	90	239	154	0.714285714285714	0.693478260869565	0.589403973509934	0.627160493827161	0.659574468085106	0.65587044534413	"Experiment 1"	1.0	0.0	0.3878	0.4834	0.1288	"Treated"	93	2.57864878803507	2.0	0.0	1.0	1.0
49	0	354	3	0.504477611940298	500	-74	0.417777777777778	566	425	552	354	500	36	-76	-53	3	51	-74	0.542338709677419	0.531802120141343	0.401041666666667	0.442764578833693	0.504477611940298	0.417777777777778	"Experiment 1"	1.0	0.0	0.284	0.6684	0.0476	"Adjacent"	93	1.49611011370437	3.0	2.0	1.0	0.0
50	1	486	-40	0.457446808510638	687	-154	0.382621951219512	721	523	688	486	687	23	-118	-153	-40	-2	-154	0.49266862170088	0.515950069348128	0.389097744360902	0.380655226209048	0.457446808510638	0.382621951219512	"Experiment 1"	1.0	0.0	0.2021	0.6989	0.099	"Treated"	93	4.9480455220188	2.0	0.0	1.0	1.0
51	1	502	-43	0.454157782515991	735	-88	0.435103244837758	738	534	720	502	735	6	-118	-98	-43	43	-88	0.514986376021798	0.504065040650406	0.382	0.421221864951768	0.454157782515991	0.435103244837758	"Experiment 1"	1.0	0.0	0.2439	0.7187	0.0374	"Treated"	93	4.10004100041	2.0	0.0	1.0	1.0
52	0	792	-134	0.833095958696813	1200	-386	0.657707034804856	2476	838	2362	792	1200	-40	-51	-28	-134	-40	-386	0.938684655318121	0.983844911147011	0.932770711024136	0.987132352941177	0.833095958696813	0.657707034804856	"Experiment 1"	1.0	0.0	0.354	0.5893	0.0567	"Adjacent"	93	1.69692855930765	3.0	1.0	1.0	0.0
53	0	625	41	1.07125105400967	890	-168	0.802492622131167	1896	630	1832	625	890	260	46	198	41	95	-168	1.095584952288	1.13713080168776	1.08378635997025	1.11688311688312	1.07125105400967	0.802492622131167	"Experiment 1"	1.0	0.0	0.0293	0.9705	2.0E-4	"Adjacent"	93	1.03039670273055	3.0	2.0	1.0	0.0
54	1	476	-68	0.422727272727273	527	-109	0.385263157894737	552	359	537	476	527	-14	-33	-38	-68	20	-109	0.503802281368821	0.48731884057971	0.452722063037249	0.459401709401709	0.422727272727273	0.385263157894737	"Experiment 1"	1.0	0.0	0.4804	0.3709	0.1487	"Treated"	93	2.08159866777685	2.0	0.0	1.0	1.0
55	0	315	-149	0.257328990228013	466	-191	0.281464530892448	935	322	898	315	466	-179	-119	-317	-149	-76	-191	0.407327586206897	0.40427807486631	0.313479623824451	0.314619883040936	0.257328990228013	0.281464530892448	"Experiment 1"	1.0	0.0	0.2713	0.6838	0.0449	"Adjacent"	93	1.46241591108511	3.0	2.0	1.0	0.0
56	0	780	-20	0.988860941430111	1112	-138	0.893761408783421	2494	905	2458	780	1112	358	40	380	-20	192	-138	1.17240311106686	1.14354450681636	1.06840172944041	1.17086330935252	0.988860941430111	0.893761408783421	"Experiment 1"	1.0	0.0	0.2314	0.5672	0.2014	"Adjacent"	93	1.76304654442877	3.0	1.0	1.0	0.0
57	1	198	-63	0.335078534031414	278	-110	0.28515625	307	201	307	198	278	-45	-27	-29	-63	-14	-110	0.456521739130435	0.42671009771987	0.435406698564593	0.448028673835125	0.335078534031414	0.28515625	"Experiment 1"	1.0	0.0	0.2461	0.6348	0.1191	"Treated"	93	4.06338886631451	2.0	0.0	1.0	1.0
58	0	197	3	0.507692307692308	270	-35	0.432950191570881	1045	202	1028	197	270	119	10	95	3	53	-35	0.585185185185185	0.556937799043062	0.525252525252525	0.549738219895288	0.507692307692308	0.432950191570881	"Experiment 1"	1.0	0.0	0.3262	0.6298	0.044	"Adjacent"	93	1.58780565258812	3.0	1.0	1.0	0.0
59	0	232	-16	0.464601769911504	312	-40	0.433333333333333	338	268	322	232	312	-16	-1	-21	-16	-9	-40	0.480645161290323	0.476331360946746	0.49812734082397	0.464882943143813	0.464601769911504	0.433333333333333	"Experiment 1"	1.0	0.0	0.1641	0.7565	0.0794	"Control"	93	12.5944584382872	4.0	0.0	1.0	0.0
60	0	139	-53	0.309352517985612	214	-47	0.370165745856354	224	161	225	139	214	-36	-36	-45	-53	-45	-47	0.380952380952381	0.419642857142857	0.386075949367089	0.388059701492537	0.309352517985612	0.370165745856354	"Experiment 1"	1.0	0.0	0.3118	0.5494	0.1388	"Adjacent"	93	1.8201674554059	3.0	1.0	1.0	0.0
61	0	435	-50	0.439613526570048	570	-186	0.32319391634981	578	399	559	435	570	-40	-58	-84	-50	-49	-186	0.441489361702128	0.465397923875433	0.427860696517413	0.414634146341463	0.439613526570048	0.32319391634981	"Experiment 1"	1.0	0.0	0.2928	0.6745	0.0327	"Control"	93	30.5810397553517	4.0	0.0	1.0	0.0
62	0	256	-24	0.450413223140496	389	-112	0.34180790960452	442	292	427	256	389	-40	-38	-49	-24	-33	-112	0.438961038961039	0.454751131221719	0.434931506849315	0.433242506811989	0.450413223140496	0.34180790960452	"Experiment 1"	1.0	0.0	0.2953	0.6194	0.0853	"Adjacent"	93	1.61446561188247	3.0	1.0	1.0	0.0
63	1	224	-84	0.309090909090909	297	-108	0.304347826086957	354	230	354	224	297	-10	-27	-57	-84	-44	-108	0.420338983050847	0.485875706214689	0.438356164383562	0.408945686900958	0.309090909090909	0.304347826086957	"Experiment 1"	1.0	0.0	0.3791	0.4989	0.122	"Treated"	93	2.63782643102084	2.0	0.0	1.0	1.0
64	0	661	-68	0.907552083333333	991	-246	0.73861216730038	2166	731	2070	661	991	10	-27	-88	-68	67	-246	1.03906925096744	1.00461680517082	0.954219587022525	0.953684210526316	0.907552083333333	0.73861216730038	"Experiment 1"	1.0	0.0	0.1487	0.7491	0.1022	"Adjacent"	93	1.3349352556401	3.0	1.0	1.0	0.0
65	0	241	-106	0.277310924369748	321	-172	0.227848101265823	323	228	306	241	321	-101	-66	-123	-106	-94	-172	0.348909657320872	0.343653250773994	0.358974358974359	0.302250803858521	0.277310924369748	0.227848101265823	"Experiment 1"	1.0	0.0	0.2362	0.7471	0.0167	"Adjacent"	93	1.33850890108419	3.0	1.0	1.0	0.0
66	0	930	-43	0.476243093922652	1280	-301	0.371477369769428	1305	902	1269	930	1280	87	-12	53	-43	1	-301	0.491365777080063	0.533333333333333	0.493449781659389	0.522904062229905	0.476243093922652	0.371477369769428	"Experiment 1"	1.0	0.0	0.2815	0.6609	0.0576	"Adjacent"	93	1.51308821304282	3.0	1.0	1.0	0.0
67	0	260	-59	0.378600823045267	433	-121	0.342857142857143	453	281	440	260	433	-63	-38	-65	-59	18	-121	0.510489510489511	0.43046357615894	0.431654676258993	0.415143603133159	0.378600823045267	0.342857142857143	"Experiment 1"	1.0	0.0	0.1789	0.7809	0.0402	"Control"	93	24.8756218905473	4.0	0.0	1.0	0.0
68	0	278	-75	0.362637362637363	430	-147	0.304	452	300	442	278	430	-66	-92	-74	-75	-48	-147	0.437647058823529	0.426991150442478	0.341379310344828	0.404145077720207	0.362637362637363	0.304	"Experiment 1"	1.0	0.0	0.4043	0.5038	0.0919	"Adjacent"	93	1.98491464867011	3.0	2.0	1.0	0.0
69	0	851	-100	0.439759036144578	1238	-251	0.38942731277533	1253	815	1199	851	1238	-59	-88	-92	-100	-34	-251	0.479251423921888	0.476456504389465	0.446341463414634	0.457486136783734	0.439759036144578	0.38942731277533	"Experiment 1"	1.0	0.0	0.1727	0.7912	0.0361	"Adjacent"	93	1.2639029322548	3.0	2.0	1.0	0.0
70	1	251	-65	0.366255144032922	374	-132	0.310344827586207	408	291	392	251	374	-56	-69	-69	-65	-90	-132	0.369973190348525	0.431372549019608	0.378947368421053	0.4	0.366255144032922	0.310344827586207	"Experiment 1"	1.0	0.0	0.4486	0.4089	0.1425	"Treated"	93	2.22915737851092	2.0	0.0	1.0	1.0
71	0	468	-46	0.449339207048458	694	-180	0.361538461538462	727	536	689	468	694	-9	-59	-47	-46	6	-180	0.48766328011611	0.493810178817056	0.446265938069217	0.463901689708141	0.449339207048458	0.361538461538462	"Experiment 1"	1.0	0.0	0.3416	0.5933	0.0651	"Adjacent"	93	1.68548794876117	3.0	1.0	1.0	0.0
72	0	267	38	0.577868852459016	422	-7	0.490716180371353	447	346	419	267	422	59	-55	48	38	83	-7	0.592417061611374	0.565995525727069	0.412140575079872	0.565934065934066	0.577868852459016	0.490716180371353	"Experiment 1"	1.0	0.0	0.2899	0.3889	0.3212	"Control"	93	3.11332503113325	4.0	0.0	1.0	0.0
73	0	460	57	0.565217391304348	658	-46	0.462540716612378	695	524	663	460	658	155	-18	121	57	112	-46	0.575803981623277	0.611510791366906	0.481404958677686	0.603418803418803	0.565217391304348	0.462540716612378	"Experiment 1"	1.0	0.0	0.2175	0.4619	0.3206	"Control"	93	3.11915159076731	4.0	0.0	1.0	0.0
74	0	174	-31	0.408284023668639	265	-47	0.405622489959839	291	198	279	174	265	-27	-22	-51	-31	-11	-47	0.473484848484849	0.45360824742268	0.440860215053763	0.4	0.408284023668639	0.405622489959839	"Experiment 1"	1.0	0.0	0.3848	0.5017	0.1135	"Adjacent"	93	1.99322304165836	3.0	1.0	1.0	0.0
75	0	283	-85	0.343173431734317	414	-141	0.319693094629156	935	294	898	283	414	-179	-46	-317	-85	-30	-141	0.454987834549878	0.40427807486631	0.420138888888889	0.314619883040936	0.343173431734317	0.319693094629156	"Experiment 1"	1.0	0.0	0.3487	0.5075	0.1438	"Control"	93	6.95410292072323	4.0	0.0	1.0	0.0
76	1	486	-4	0.495744680851064	679	-136	0.394736842105263	1045	519	1028	486	679	119	13	95	-4	87	-136	0.553412462908012	0.556937799043062	0.512380952380952	0.549738219895288	0.495744680851064	0.394736842105263	"Experiment 1"	1.0	0.0	0.2338	0.7365	0.0297	"Treated"	93	4.27715996578272	2.0	0.0	1.0	1.0
77	0	246	8	0.517391304347826	339	12	0.519480519480519	763	248	716	246	339	247	32	162	8	90	12	0.62874251497006	0.661861074705111	0.565040650406504	0.627760252365931	0.517391304347826	0.519480519480519	"Experiment 1"	1.0	0.0	0.3776	0.4981	0.1243	"Adjacent"	93	2.00762899016262	3.0	1.0	1.0	0.0
78	1	293	22	0.538461538461538	392	19	0.525606469002695	1220	319	1189	293	392	576	51	400	22	113	19	0.637532133676093	0.736065573770492	0.580441640378549	0.704081632653061	0.538461538461538	0.525606469002695	"Experiment 1"	1.0	0.0	0.2314	0.3666	0.402	"Treated"	93	4.32152117545376	2.0	0.0	1.0	1.0
79	1	241	40	0.585470085470085	441	64	0.580808080808081	813	298	790	241	441	335	55	283	40	145	64	0.647727272727273	0.706027060270603	0.593856655290102	0.701280227596017	0.585470085470085	0.580808080808081	"Experiment 1"	0.0	0.0	0.0	0.2802	0.7198	"Control"	93	1.38927479855515	4.0	0.0	0.0	0.0
80	0	146	36	0.625	273	53	0.606425702811245	813	167	790	146	273	335	11	283	36	108	53	0.677655677655678	0.706027060270603	0.533333333333333	0.701280227596017	0.625	0.606425702811245	"Experiment 1"	0.0	0.0	0.0	0.0	1.0	"Control"	93	1.0	4.0	0.0	0.0	0.0
81	0	448	93	0.606407322654462	670	-18	0.485804416403785	1214	525	1184	448	670	270	132	275	93	196	-18	0.634182908545727	0.611202635914333	0.625954198473282	0.627906976744186	0.606407322654462	0.485804416403785	"Experiment 1"	1.0	0.0	0.2094	0.6244	0.1662	"Adjacent"	93	1.60153747597694	3.0	1.0	1.0	0.0
82	0	132	51	0.700787401574803	532	107	0.623556581986143	1220	151	1189	132	532	576	70	400	51	222	107	0.694915254237288	0.736065573770492	0.727272727272727	0.704081632653061	0.700787401574803	0.623556581986143	"Experiment 1"	0.0	0.0	0.0	0.3752	0.6248	"Adjacent"	93	2.66524520255864	3.0	2.0	0.0	0.0
83	1	177	25	0.573099415204678	334	-30	0.449324324324324	812	260	786	177	334	214	34	167	25	58	-30	0.574018126888218	0.631773399014778	0.568548387096774	0.622254758418741	0.573099415204678	0.449324324324324	"Experiment 1"	1.0	0.0	0.2346	0.5263	0.2391	"Treated"	93	4.26257459505541	2.0	0.0	1.0	1.0
84	0	268	49	0.59919028340081	415	13	0.517241379310345	869	279	863	268	415	237	104	237	49	122	13	0.637469586374696	0.636363636363636	0.685714285714286	0.659919028340081	0.59919028340081	0.517241379310345	"Experiment 1"	1.0	0.0	0.1614	0.5567	0.2819	"Control"	93	3.54735721887194	4.0	0.0	1.0	0.0
85	0	174	20	0.558823529411765	267	3	0.506224066390041	740	204	713	174	267	322	24	253	20	81	3	0.633962264150943	0.717567567567568	0.557692307692308	0.712605042016807	0.558823529411765	0.506224066390041	"Experiment 1"	0.0	0.0	0.0	0.2868	0.7132	"Adjacent"	93	3.48675034867503	3.0	1.0	0.0	0.0
86	1	51	3	0.530612244897959	286	34	0.593406593406593	740	75	713	51	286	322	25	253	3	120	34	0.699300699300699	0.717567567567568	0.681159420289855	0.712605042016807	0.530612244897959	0.593406593406593	"Experiment 1"	1.0	0.0	0.2868	0.1645	0.5487	"Treated"	93	3.48675034867503	2.0	0.0	1.0	1.0
87	0	256	77	0.661087866108787	348	14	0.521739130434783	812	296	786	256	348	214	83	167	77	129	14	0.674418604651163	0.631773399014778	0.642611683848797	0.622254758418741	0.661087866108787	0.521739130434783	"Experiment 1"	1.0	0.0	0.3048	0.2804	0.4148	"Control"	93	2.41080038572806	4.0	0.0	1.0	0.0
88	0	153	31	0.604026845637584	386	65	0.594202898550725	763	168	716	153	386	247	20	162	31	133	65	0.659685863874346	0.661861074705111	0.558139534883721	0.627760252365931	0.604026845637584	0.594202898550725	"Experiment 1"	1.0	0.0	0.1645	0.6315	0.204	"Adjacent"	93	1.58353127474268	3.0	1.0	1.0	0.0
89	0	188	20	0.554945054945055	322	-7	0.487972508591065	869	254	863	188	322	237	56	237	20	63	-7	0.588050314465409	0.636363636363636	0.612903225806452	0.659919028340081	0.554945054945055	0.487972508591065	"Experiment 1"	1.0	0.0	0.2927	0.2812	0.4261	"Control"	93	2.34686693264492	4.0	0.0	1.0	0.0
90	0	281	55	0.602996254681648	486	14	0.515765765765766	896	318	857	281	486	216	53	210	55	160	14	0.649484536082474	0.620535714285714	0.582554517133956	0.630922693266833	0.602996254681648	0.515765765765766	"Experiment 1"	1.0	0.0	0.2865	0.3911	0.3224	"Control"	93	3.10173697270471	4.0	0.0	1.0	0.0
91	0	337	10	0.515243902439024	516	-40	0.457983193277311	1214	398	1184	337	516	270	-4	275	10	66	-40	0.55078125	0.611202635914333	0.495	0.627906976744186	0.515243902439024	0.457983193277311	"Experiment 1"	1.0	0.0	0.2728	0.4909	0.2363	"Control"	93	4.23190859077444	4.0	0.0	1.0	0.0
92	0	246	62	0.629166666666667	353	-30	0.45398773006135	896	259	857	246	353	216	10	210	62	48	-30	0.560906515580737	0.620535714285714	0.518518518518518	0.630922693266833	0.629166666666667	0.45398773006135	"Experiment 1"	1.0	0.0	0.2802	0.4479	0.2719	"Control"	93	3.67782272894447	4.0	0.0	1.0	0.0
