id	registereddems	universe	percentageuniverse	musttreat	untreatable
"001-01"	86	42	0.488372093	0.0	1.0
"001-02"	290	142	0.489655172	1.0	0.0
"001-03"	359	140	0.389972145	0.0	0.0
"001-04"	470	239	0.508510638	0.0	0.0
"001-05"	285	141	0.494736842	0.0	0.0
"001-06"	444	171	0.385135135	0.0	0.0
"001-07"	308	148	0.480519481	1.0	0.0
"001-08"	333	106	0.318318318	0.0	0.0
"001-09"	388	191	0.492268041	0.0	0.0
"002-01"	480	216	0.45	0.0	0.0
"002-02"	244	77	0.31557377	0.0	0.0
"002-03"	206	70	0.339805825	0.0	0.0
"002-04"	369	92	0.249322493	0.0	0.0
"002-05"	305	80	0.262295082	0.0	0.0
"002-06"	260	97	0.373076923	0.0	0.0
"002-07"	4	3	0.75	0.0	1.0
"002-08"	280	153	0.546428571	0.0	0.0
"002-09"	349	99	0.283667622	0.0	0.0
"002-10"	279	108	0.387096774	0.0	0.0
"002-11"	0	0	0.0	0.0	1.0
"003-01"	362	134	0.370165746	1.0	0.0
"003-02"	24	6	0.25	0.0	1.0
"003-03"	26	9	0.346153846	0.0	1.0
"003-04"	307	95	0.309446254	0.0	0.0
"003-05"	9	2	0.222222222	0.0	1.0
"003-06"	402	115	0.286069652	1.0	0.0
"003-07"	469	221	0.471215352	1.0	0.0
"003-08"	388	129	0.332474227	1.0	0.0
"003-09"	366	113	0.308743169	1.0	0.0
"004-01"	823	258	0.313487242	0.0	0.0
"004-02"	164	62	0.37804878	0.0	0.0
"004-03"	346	136	0.393063584	1.0	0.0
"004-04"	645	314	0.486821705	1.0	0.0
"004-05"	106	45	0.424528302	0.0	1.0
"004-06"	335	181	0.540298507	1.0	0.0
"004-07"	0	0	0.0	0.0	1.0
"004-08"	0	0	0.0	0.0	1.0
"005-01"	275	107	0.389090909	1.0	0.0
"005-02"	108	41	0.37962963	0.0	1.0
"005-03"	423	163	0.38534279	1.0	0.0
"005-04"	405	123	0.303703704	1.0	0.0
"005-05"	400	149	0.3725	1.0	0.0
"005-06"	400	142	0.355	1.0	0.0
"005-07"	488	149	0.305327869	1.0	0.0
"006-01"	14	1	0.071428571	0.0	1.0
"006-02"	396	141	0.356060606	0.0	0.0
"006-03"	362	179	0.494475138	0.0	0.0
"006-04"	452	243	0.537610619	0.0	0.0
"006-05"	384	161	0.419270833	0.0	0.0
"006-06"	469	208	0.443496802	0.0	0.0
"006-07"	32	7	0.21875	0.0	1.0
"006-08"	9	4	0.444444444	0.0	1.0
"007-01"	236	161	0.68220339	0.0	0.0
"007-02"	20	14	0.7	0.0	1.0
"007-03"	349	187	0.535816619	0.0	0.0
"007-04"	401	138	0.344139651	0.0	0.0
"007-05"	420	194	0.461904762	0.0	0.0
"007-06"	381	147	0.385826772	0.0	0.0
"007-07"	127	51	0.401574803	0.0	1.0
"007-08"	260	143	0.55	0.0	0.0
"007-09"	55	24	0.436363636	0.0	1.0
"008-01"	301	230	0.764119601	0.0	0.0
"008-02"	462	310	0.670995671	0.0	0.0
"008-03"	220	130	0.590909091	0.0	0.0
"008-04"	556	353	0.634892086	0.0	0.0
"008-05"	548	351	0.640510949	0.0	0.0
"008-06"	457	289	0.63238512	0.0	0.0
"008-07"	415	264	0.636144578	0.0	0.0
"008-08"	455	299	0.657142857	0.0	0.0
"008-09"	123	78	0.634146341	0.0	0.0
"009-01"	34	7	0.205882353	0.0	1.0
"009-02"	284	109	0.383802817	0.0	0.0
"009-03"	285	133	0.466666667	0.0	0.0
"009-04"	368	192	0.52173913	0.0	0.0
"009-05"	525	320	0.60952381	0.0	0.0
"009-06"	330	183	0.554545455	0.0	0.0
"009-07"	316	202	0.639240506	0.0	0.0
"009-08"	331	203	0.613293051	0.0	0.0
"009-09"	80	27	0.3375	0.0	1.0
"010-01"	104	37	0.355769231	0.0	1.0
"010-02"	89	43	0.483146067	0.0	1.0
"010-03"	191	96	0.502617801	0.0	0.0
"010-04"	133	58	0.436090226	0.0	0.0
"010-05"	195	71	0.364102564	0.0	0.0
"010-06"	250	74	0.296	0.0	0.0
"010-07"	319	143	0.448275862	0.0	0.0
"010-08"	256	119	0.46484375	0.0	0.0
"011-01"	0	0	0.0	0.0	1.0
"011-02"	331	106	0.320241692	0.0	0.0
"011-03"	142	58	0.408450704	0.0	0.0
"011-04"	180	73	0.405555556	0.0	0.0
"011-05"	496	171	0.344758065	0.0	0.0
"011-06"	275	106	0.385454545	0.0	0.0
"011-07"	75	21	0.28	0.0	1.0
"011-08"	261	77	0.295019157	0.0	0.0
"011-09"	60	12	0.2	0.0	1.0
"011-10"	36	9	0.25	0.0	1.0
"012-01"	327	185	0.565749235	0.0	0.0
"012-02"	405	229	0.565432099	0.0	0.0
"012-03"	217	115	0.529953917	0.0	0.0
"012-04"	257	89	0.346303502	0.0	0.0
"012-05"	75	23	0.306666667	0.0	1.0
"012-06"	490	246	0.502040816	0.0	0.0
"012-07"	265	144	0.543396226	0.0	0.0
"012-08"	479	284	0.592901879	0.0	0.0
"013-01"	173	98	0.566473988	0.0	0.0
"013-02"	303	165	0.544554455	0.0	0.0
"013-03"	364	215	0.590659341	0.0	0.0
"013-04"	352	189	0.536931818	0.0	0.0
"013-05"	349	163	0.467048711	0.0	0.0
"013-06"	286	125	0.437062937	0.0	0.0
"013-07"	200	80	0.4	0.0	0.0
"014-01"	432	280	0.648148148	0.0	0.0
"014-02"	575	356	0.619130435	0.0	0.0
"014-03"	336	216	0.642857143	0.0	0.0
"014-04"	399	281	0.704260652	0.0	0.0
"014-05"	403	277	0.687344913	0.0	0.0
"014-06"	490	290	0.591836735	0.0	0.0
"014-07"	522	304	0.582375479	0.0	0.0
"014-08"	178	110	0.617977528	0.0	0.0
"015-01"	658	4	0.006079027	0.0	1.0
"015-02"	30	11	0.366666667	0.0	1.0
"015-03"	0	0	0.0	0.0	1.0
"015-04"	200	143	0.715	0.0	0.0
"015-05"	283	149	0.526501767	0.0	0.0
"015-06"	470	328	0.69787234	0.0	0.0
"015-07"	169	128	0.75739645	0.0	0.0
"015-08"	436	296	0.678899083	0.0	0.0
